
Alex: 25 | 2021-04-05 21:30:03.129420 
Alex: 0 | 2021-04-06 21:18:47.581916 
Same: 0 | 2021-04-06 21:20:42.231564 
